LEP|NP_000221.1|leptin	P41159.1	100.000	167	0	0	1	167	1	167	6.06e-121	340
LEP|NP_000221.1|leptin	Q28504.1	89.820	167	17	0	1	167	1	167	1.66e-107	306
LEP|NP_000221.1|leptin	O02750.1	99.315	146	1	0	22	167	1	146	6.82e-102	291
LEP|NP_000221.1|leptin	Q95189.1	98.630	146	2	0	22	167	1	146	5.73e-101	289
LEP|NP_000221.1|leptin	Q9N2C1.1	84.431	167	26	0	1	167	1	167	1.35e-100	289
LEP|NP_000221.1|leptin	Q95234.1	97.260	146	4	0	22	167	1	146	4.27e-100	287
LEP|NP_000221.1|leptin	Q29406.1	85.030	167	25	0	1	167	1	167	2.63e-99	286
LEP|NP_000221.1|leptin	P50595.1	84.431	167	26	0	1	167	1	167	1.22e-98	284
LEP|NP_000221.1|leptin	Q5J732.1	84.431	167	26	0	1	167	1	167	1.26e-98	284
LEP|NP_000221.1|leptin	Q257X2.1	84.431	167	26	0	1	167	1	167	3.24e-98	283
LEP|NP_000221.1|leptin	Q1XG29.1	81.437	167	31	0	1	167	1	167	4.31e-98	283
LEP|NP_000221.1|leptin	P41160.1	83.234	167	28	0	1	167	1	167	4.17e-97	280
LEP|NP_000221.1|leptin	O02720.2	80.240	167	33	0	1	167	1	167	6.47e-95	275
LEP|NP_000221.1|leptin	P50596.1	82.036	167	30	0	1	167	1	167	6.69e-95	275
LEP|NP_000221.1|leptin	Q28603.2	86.986	146	19	0	22	167	1	146	5.61e-88	256
LEP|NP_000221.1|leptin	O42164.1	79.042	167	31	2	1	167	1	163	2.42e-87	255
LEP|NP_000221.1|leptin	Q9TU09.2	88.372	129	15	0	10	138	1	129	6.90e-80	236
LEP|NP_000221.1|leptin	O93416.1	81.507	146	26	1	22	167	1	145	1.07e-78	233
LEP|NP_000221.1|leptin	Q9XSW9.1	67.665	167	54	0	1	167	1	167	5.46e-67	204
LEP|NP_000221.1|leptin	Q706D1.1	64.671	167	59	0	1	167	1	167	4.04e-66	202
LEP|NP_000221.1|leptin	Q706D0.1	64.671	167	59	0	1	167	1	167	4.41e-66	202
LEP|NP_000221.1|leptin	Q96M86.2	37.805	82	39	5	92	167	4441	4516	0.13	35.8
LEP|NP_000221.1|leptin	A8ITV9.1	35.897	78	41	5	85	161	24	93	0.75	33.5
LEP|NP_000221.1|leptin	O67422.1	45.161	31	16	1	63	93	266	295	1.2	32.7
LEP|NP_000221.1|leptin	E9Q5F9.1	31.250	96	58	3	44	131	1133	1228	3.2	31.6
LEP|NP_000221.1|leptin	B0JTM2.1	26.277	137	87	5	6	139	144	269	4.3	30.8
LEP|NP_000221.1|leptin	Q12VC9.1	28.750	80	53	2	90	167	318	395	4.9	31.2
LEP|NP_000221.1|leptin	Q9K9V8.1	30.986	71	42	3	99	163	66	135	5.0	30.8
LEP|NP_000221.1|leptin	B4S592.1	29.091	55	32	1	84	131	148	202	8.5	30.4
LEP|XP_005250397.1|leptin	P41159.1	99.401	167	0	1	1	166	1	167	2.68e-118	333
LEP|XP_005250397.1|leptin	Q28504.1	89.222	167	17	1	1	166	1	167	4.90e-105	300
LEP|XP_005250397.1|leptin	O02750.1	98.630	146	1	1	22	166	1	146	2.53e-99	285
LEP|XP_005250397.1|leptin	Q95189.1	97.945	146	2	1	22	166	1	146	1.75e-98	283
LEP|XP_005250397.1|leptin	Q9N2C1.1	83.832	167	26	1	1	166	1	167	6.56e-98	282
LEP|XP_005250397.1|leptin	Q95234.1	96.575	146	4	1	22	166	1	146	1.48e-97	280
LEP|XP_005250397.1|leptin	Q29406.1	84.431	167	25	1	1	166	1	167	1.12e-96	279
LEP|XP_005250397.1|leptin	P50595.1	83.832	167	26	1	1	166	1	167	4.14e-96	278
LEP|XP_005250397.1|leptin	Q5J732.1	83.832	167	26	1	1	166	1	167	4.88e-96	277
LEP|XP_005250397.1|leptin	Q257X2.1	83.832	167	26	1	1	166	1	167	9.42e-96	276
LEP|XP_005250397.1|leptin	Q1XG29.1	80.838	167	31	1	1	166	1	167	1.60e-95	276
LEP|XP_005250397.1|leptin	P41160.1	82.635	167	28	1	1	166	1	167	1.24e-94	274
LEP|XP_005250397.1|leptin	P50596.1	81.437	167	30	1	1	166	1	167	2.39e-92	268
LEP|XP_005250397.1|leptin	O02720.2	79.641	167	33	1	1	166	1	167	3.15e-92	268
LEP|XP_005250397.1|leptin	O42164.1	79.518	166	31	1	1	166	1	163	3.50e-89	260
LEP|XP_005250397.1|leptin	Q28603.2	86.301	146	19	1	22	166	1	146	2.45e-85	249
LEP|XP_005250397.1|leptin	O93416.1	82.069	145	26	0	22	166	1	145	1.25e-80	238
LEP|XP_005250397.1|leptin	Q9TU09.2	87.597	129	15	1	10	137	1	129	3.25e-77	229
LEP|XP_005250397.1|leptin	Q9XSW9.1	67.665	167	53	1	1	166	1	167	1.60e-65	200
LEP|XP_005250397.1|leptin	Q706D1.1	64.072	167	59	1	1	166	1	167	1.36e-63	195
LEP|XP_005250397.1|leptin	Q706D0.1	64.072	167	59	1	1	166	1	167	1.92e-63	195
LEP|XP_005250397.1|leptin	Q96M86.2	37.805	82	39	5	91	166	4441	4516	0.11	36.2
LEP|XP_005250397.1|leptin	A8ITV9.1	35.897	78	41	5	84	160	24	93	0.74	33.5
LEP|XP_005250397.1|leptin	O67422.1	45.161	31	16	1	62	92	266	295	1.2	32.7
LEP|XP_005250397.1|leptin	Q7NQB1.2	30.108	93	43	4	12	104	529	599	3.9	31.2
LEP|XP_005250397.1|leptin	A4JFB2.1	22.857	105	72	2	1	105	17	112	4.3	31.2
LEP|XP_005250397.1|leptin	Q96MX6.1	26.027	73	48	2	8	80	282	348	4.7	30.8
LEP|XP_005250397.1|leptin	Q9K9V8.1	30.986	71	42	3	98	162	66	135	4.7	30.8
LEP|XP_005250397.1|leptin	Q12VC9.1	28.750	80	53	2	89	166	318	395	4.8	31.2
LEP|XP_005250397.1|leptin	B4S592.1	29.091	55	32	1	83	130	148	202	8.3	30.4
LEP|XP_005250397.1|leptin	Q9J593.1	33.333	66	36	2	31	96	589	646	9.2	30.4
LEP|XP_005250397.1|leptin	P36641.1	34.091	44	29	0	112	155	271	314	10.0	30.0
